2005
abcd
1990
2010
2045
2001
1930
2020
2015
xyz
1875
2003
2022
1995
2008

efgh
2025
1960
2012
1850
2018
2007
ijkl
1985
2000
2024
1945
2013

2019
mnop
3025
2021
1970
2002
2011
1920
qrst
2006
2023
1875
2016
2009
1950
uvwx
2004
1800
2014
2017
1985

yzab
2020
1965
3050
2001
1940
cdef
2008
2025
1995
ghij
1850
2012
2003
2015
1975
klmn
2024
2007
1925
opqr
3000
2018
2013
2021
1890
stuv
2010
2019
1955
2002
wxyz
1820
2016
2023
1980
abcd
2009
2020
1935
2011
efgh
2000
2024
1965
ijkl
1875
2017
2014
1990
mnop
2006
2022
1950
qrst
3025
2001
2012
uvwx
1895
2015
2019
1970
1999
2026
204a
1812
3500
2005
xyz1
1750
2028
1967
pqrs
2013
1888
2030
199x
1654
2022
1983
abcd
2033
1976
200z
1945
2027
1899
vwxy
2019
1723
2035
987a
2008
1834
200
1988
2040
2016
klmn
1567
2031
1951
200b
2024
1798
2037
199c
1972
2029
1845
opqr
2032
1689
200d
